FileName WellId	SampleDescription Sampleinput From[bp] To[bp] AverageSize[bp] Conc.[pg/µl] RegionMolarity[pmol/l] %ofTotalRegion Comment
A1 34 154 1271 423 59.1 245 97.54
B1 37 154 1271 478 109 394 98.47
C1 41 154 1271 468 114 423 98.41
D1 42 154 1271 483 106 384 97.97
E1 43 154 1271 521 107 355 98.61
F1 44 154 1271 437 157 605 98.79
G 1 46 154 1271 480 98.9 362 98.53
H1 47 154 1271 481 89.8 327 97.94
A2 50 154 1271 466 120 444 98.58
B2 51 154 1271 484 116 409 98.53
C2 53 154 1271 481 140 501 98.83
D2 54 154 1271 464 89.3 334 97.85
E2 55 154 1271 471 106 389 98.03
F2 56 154 1271 489 112 401 98.31
G 2 58 154 1271 461 98.4 376 98.54
H2 60 154 1271 507 46.7 166 96.70
A3 62 154 1271 532 88.4 293 98.08
B3 63 154 1271 336 16.4 84.3 92.65
C3 65 154 1271 362 19.8 94.6 94.74
D3 67 154 1271 347 54.8 263 97.91
E3 68 154 1271 336 38.0 189 97.22
F3 69 154 1271 317 31.9 169 97.29
G 3 70 154 1271 366 29.6 137 95.70
H3 73 154 1271 356 48.0 226 97.60
A4 75 154 1271 761 2.61 6.52 64.72
B4 76 154 1271 304 17.0 98.2 92.49
C4 78 154 1271 582 1.20 5.15 48.76
D4 82 154 1271 311 28.0 152 96.10
E4 83 154 1271 478 3.70 17.1 77.10
F4 84 154 1271 313 52.3 281 97.84
G 4 86 154 1271 337 55.2 278 96.12
H4 87 154 1271 316 26.8 144 95.09
A5 88 154 1271 316 71.4 374 98.49
B5 89 154 1271 471 6.08 28.1 83.33
C5 91 154 1271 331 48.1 246 97.94
D5 92 154 1271 336 43.5 222 97.30
E5 95 154 1271 335 69.2 347 98.19
F5 96 154 1271 348 16.3 81.3 93.19
G 5 97 154 1271 339 45.2 228 97.38
H5 102 154 1271 322 21.1 114 93.12
A6 127 154 1271 308 99.1 534 98.46
B6 128 154 1271 332 59.7 304 97.86
C6 129 154 1271 324 92.2 476 98.27
D6 131 154 1271 327 75.6 386 98.34
E6 134 154 1271 327 111 564 98.92
F6 136 154 1271 331 165 829 98.89
G 6 137 154 1271 332 151 751 98.82
H6 138 154 1271 319 86.0 444 98.28
A7 139 154 1271 357 7.33 39.2 86.81
B7 143 154 1271 362 57.8 269 97.60
C7 166 154 1271 354 37.0 177 97.51
D7 168 154 1271 334 52.4 268 98.07
E7 169 154 1271 376 97.1 437 97.77
F7 171 154 1271 381 126 559 98.34
G 7 175 154 1271 373 107 486 98.34
H7 178 154 1271 357 90.3 425 98.51
A8 182 154 1271 399 77.1 331 97.73
B8 184 154 1271 402 108 457 98.24
C8 186 154 1271 425 117 477 98.41
D8 188 154 1271 402 126 548 98.90
E8 193 154 1271 434 111 448 98.61
F8 196 154 1271 424 93.4 384 98.19
G 8 197 154 1271 450 135 524 98.59
H8 199 154 1271 419 138 574 98.75
A9 205 154 1271 429 60.4 248 97.93
B9 206 154 1271 439 88.6 349 98.34
C9 214 154 1271 445 90.4 356 98.29
D9 216 154 1271 449 103 399 98.49
E9 217 154 1271 456 98.3 374 98.19
F9 219 154 1271 505 38.7 137 96.97
G 9 308 154 1271 441 208 805 99.25
H9 309 154 1271 445 208 806 98.93
A10 221 154 1271 416 126 531 99.07
B10 226 154 1271 447 170 667 98.80
C10 229 154 1271 458 256 971 98.73
D10 231 154 1271 462 149 567 98.41
E10 233 154 1271 451 156 606 98.62
F10 236 154 1271 476 139 511 98.33
G 10 238 154 1271 476 112 415 98.24
H10 240 154 1271 457 105 411 98.17
A11 242 154 1271 412 28.5 131 95.44
B11 245 154 1271 435 68.4 289 97.72
C11 246 154 1271 445 35.8 150 95.53
D11 247 154 1271 442 33.8 143 95.73
E11 249 154 1271 434 42.1 178 96.77
F11 255 154 1271 465 129 505 98.49
G 11 258 154 1271 1044 0.418 0.950 28.79
H11 259 154 1271 420 17.2 80.8 93.40
A12 260 154 1271 435 137 553 98.53
B12 261 154 1271 419 81.8 345 98.16
C12 262 154 1271 453 113 439 98.28
D12 265 154 1271 446 112 449 98.32
E12 266 154 1271 456 153 603 98.48
F12 267 154 1271 466 153 579 98.30
G 12 268 154 1271 434 148 597 98.68
H12 310 154 1271 417 185 764 99.11